2610.08862
2610.08526
2610.07969
2610.07772
2610.06153
2610.05964
2610.05792
2610.05695
2610.05350
2610.04529
2610.04494
2610.04266
2610.03196
2609.40244
2609.39384
2609.39017
2609.38537
2609.37311
2609.36558
2609.35728
2609.33765
2609.33269
2609.33237
2609.33096
2609.33095
2609.31720
2609.30247
2609.29176
2609.27753
2609.27001
2609.25696
2609.25674
2609.24742
2609.24682
2609.24547
2609.24145
2609.24133
2609.23910
2609.23414
2609.22289
2609.21504
2609.21130
2609.19582
2609.18789
2609.18111
2609.15195
2609.14647
2609.12749
2609.11014
2609.10895
2609.10372
2609.07544
2609.07430
2609.07288
2609.06434
2609.06251
2609.05361
2609.04552
2609.03557
2609.03255
2609.02306
2609.01518
2608.27550
2608.27406
2608.26058
2608.25642
2608.25308
2608.22657
2608.20433
2608.19443
2608.17584
2608.16642
2608.14462
2608.14243
2608.12063
2608.09762
2608.07573
2608.07002
2608.05989
2608.02809
2608.01826
2608.00775
2608.00613
2607.29625
2607.28952
2607.26985
2607.26567
2607.25798
2607.25593
2607.24190
2607.24113
2607.23473
2607.22997
2607.20834
2607.20061
2607.19190
2607.18737
2607.18210
2607.18200
2607.18197
2607.18154
2607.17042
2607.16299
2607.15579
2607.14809
2607.14488
2607.13768
2607.13060
2607.12206
2607.11874
2607.11690
2607.11638
2607.11633
2607.11603
2607.09323
2607.08620
2607.07972
2607.07420
2607.07390
2607.07370
2607.04837
2607.02799
2607.02205
2607.00642
2606.30552
2606.30290
2606.29820
2606.28813
2606.28469
2606.28237
2606.27239
2606.26829
2606.26507
2606.26425
2606.25348
2606.24815
2606.24445
2606.24039
2606.23565
2606.22480
2606.21600
2606.21086
2606.20990
2606.20748
2606.19774
2606.19769
2606.19728
2606.18747
2606.17574
2606.16600
2606.16564
2606.15915
2606.15846
2606.15260
2606.15133
2606.14270
2606.11109
2606.11034
2606.10903
2606.09741
2606.08043
2606.08029
2606.05254
2606.03994
2606.03834
2606.02745
2605.29219
2605.28468
2605.28272
2605.27582
2605.26371
2605.25546
2605.23240
2605.21242
2605.19305
2605.19009
2605.19004
2605.18238
2605.14269
2605.11972
2605.11825
2605.11564
2605.09638
2605.09613
2605.09441
2605.09146
2605.06662
2605.05373
2605.04185
2605.02306
2604.27792
2604.27583
2604.24894
2604.21377
2604.19509
2604.18887
2604.18578
2604.13323
2604.11447
2604.11306
2604.09100
2604.08746
2604.08509
2604.08508
2604.07644
2604.05697
2604.04539
2604.04310
2604.03999
2604.03139
2604.02707
2604.01913
2604.01756
2604.00061
2603.28691
2603.26997
2603.25725
2603.25646
2603.25353
2603.23271
2603.22759
2603.21853
2603.21723
2603.20164
2603.19078
2603.18771
2603.16050
2603.15600
2603.14371
2603.12806
2603.10878
2603.09237
2603.09218
